# Monthly Data Analysis of Top Ten Companies

This document provides an analysis of the monthly returns, expected returns, covariance, and correlation of the ten largest companies in the market.

## Data
The data is sourced from `data/condensed_data.csv` and includes the following columns:
- Date
- AAPL
- MSFT
- GOOGL
- AMZN
- NVDA
- FB
- ADBE
- CSCO
- INTC
- ORCL

| Date       | AAPL          | MSFT          | GOOGL        | AMZN          | NVDA          | FB            | ADBE          | CSCO          | INTC          | ORCL          |
|------------|---------------|---------------|--------------|---------------|---------------|---------------|----------------|----------------|----------------|----------------|
| 2017-01-01 | 0.0477466471797487 | 0.0403927749758987 | 0.035005350251831 | 0.09816366280939 | 0.0228592456765301 | 0.1327249358315216 | 0.1013113221403925 | 0.0165454839112542 | 0.0151639976251432 | 0.0431729007407222 |
| 2017-02-01 | 0.1288836440972285 | -0.0103633740495013 | 0.0301637305511321 | 0.026181568550484 | -0.0705259023659771 | 0.0400551386474943 | 0.0437466855232537 | 0.1221839141417344 | -0.016838349890022 | 0.0659887205717595 |
| 2017-03-01 | 0.0532361417725377 | 0.0356248211964564 | 0.0033967253406386 | 0.0491101025739366 | 0.0747681706283669 | 0.0480301762438633 | 0.0996282652507307 | -0.0111175735266355 | 0.0035219236677144 | 0.0474287311671752 |
| 2017-04-01 | -6.967748844688426e-05 | 0.0394776104072742 | 0.0904930795505225 | 0.0433708723351506 | -0.0425042403134547 | 0.0577261300392539 | 0.0277414929293402 | 0.0079882893398981 | 0.0022178424613836 | 0.00784592554697 |
| 2017-05-01 | 0.063418214718188 | 0.0201577190090098 | 0.0676783693185389 | 0.0752764955490703 | 0.3839883895486107 | 0.0080532892769862 | 0.0607147807961061 | -0.066490681921455 | -0.0011065847075207 | 0.0139135489810251 |
| 2017-06-01 | -0.0533227647739127 | -0.0073725927845228 | -0.0581608897038259 | -0.0267639854898061 | 0.002509508769112 | -0.0031692259675846 | -0.0029606525245895 | -0.0072947524526941 | -0.0586816277925715 | 0.1046487357975842 |
| 2017-07-01 | 0.0327039944803948 | 0.0546933074717514 | 0.0170166158773472 | 0.0204339145628873 | 0.1241696754348939 | 0.121009436941774 | 0.0357042064804109 | 0.0047925033858038 | 0.0512745921076676 | -0.0041884612730246 |
| 2017-08-01 | 0.1026691392153453 | 0.0284730469247496 | 0.0103014174874405 | -0.0072688792018283 | 0.0426438358425997 | 0.0160709082463994 | 0.0591849125799226 | 0.0337339053715579 | -0.0112772851725591 | 0.0118137181355371 |
| 2017-09-01 | -0.0565535005745246 | 0.0015630402835407 | 0.0193459032888854 | -0.0196308387510386 | 0.0559925828815484 | -0.0063964999459638 | -0.0385409309434584 | 0.0440856732136021 | 0.0939793627661924 | -0.039340484784715 |


## Expected Returns
The expected returns for each ticker are as follows:

| Ticker | Expected Returns |
|--------|------------------|
| AAPL   | 3.3581853594560784 |
| MSFT   | 3.0354267346240738 |
| GOOGL  | 2.349326224622499  |
| AMZN   | 2.850797417948523  |
| NVDA   | 4.934286481799557  |
| FB     | 1.9751888539936802 |
| ADBE   | 3.2702050426761926 |
| CSCO   | 1.5264345707204214 |
| INTC   | 0.9643754853240227 |
| ORCL   | 1.6904413736044697 |


## Covariance
The covariance matrix is as follows:

|        | AAPL          | MSFT          | GOOGL        | AMZN          | NVDA          | FB            | ADBE          | CSCO          | INTC          | ORCL          |
|--------|---------------|---------------|--------------|---------------|---------------|---------------|----------------|----------------|----------------|----------------|
| AAPL   | 0.0071964372473886035 | 0.002720107701411062 | 0.0023622452318744444 | 0.00381261263231615 | 0.006227756000974188 | 0.004015399972284375 | 0.0039891935215433365 | 0.001911982028771661 | 0.0012888616592813202 | 0.0018475670311088905 |
| MSFT   | 0.002720107701411062 | 0.0027689095215079782 | 0.002141213917743286 | 0.0029501976629430645 | 0.0036555622811116862 | 0.002136384962238099 | 0.0029833140916124593 | 0.0011916998859725814 | 0.0011862032178455526 | 0.0015944871955226763 |
| GOOGL  | 0.0023622452318744444 | 0.002141213917743286 | 0.004094786578925386 | 0.0027138471130045694 | 0.0033473808900807115 | 0.0029974002534978467 | 0.002300195570956841 | 0.0012677276213356155 | 0.0008175659307022003 | 0.0015406578017615642 |
| AMZN   | 0.00381261263231615 | 0.0029501976629430645 | 0.0027138471130045694 | 0.006407580740837567 | 0.005113890281550038 | 0.004068570736978025 | 0.003841375685479021 | 0.0019142222269469818 | 0.0007816903501597401 | 0.0018909223213806148 |
| NVDA   | 0.006227756000974188 | 0.0036555622811116862 | 0.0033473808900807115 | 0.005113890281550038 | 0.01579138538464195 | 0.0044677629695694995 | 0.005544836321507624 | 0.0009907369488206905 | 0.0018868784011346076 | 0.002456175284100993 |
| FB     | 0.004015399972284375 | 0.002136384962238099 | 0.0029974002534978467 | 0.004068570736978025 | 0.0044677629695694995 | 0.006942385534466949 | 0.0036253147496607564 | 0.002004328019677631 | 0.0008509702941797137 | 0.0020529452684747655 |
| ADBE   | 0.0039891935215433365 | 0.0029833140916124593 | 0.002300195570956841 | 0.003841375685479021 | 0.005544836321507624 | 0.0036253147496607564 | 0.005011746028317016 | 0.0017608667669051106 | 0.0014334114479929217 | 0.002153877853311059 |
| CSCO   | 0.001911982028771661 | 0.0011916998859725814 | 0.0012677276213356155 | 0.0019142222269469818 | 0.0009907369488206905 | 0.002004328019677631 | 0.0017608667669051106 | 0.004860582269219783 | 0.0017928782827214696 | 0.0017356748838808977 |
| INTC   | 0.0012888616592813202 | 0.0011862032178455526 | 0.0008175659307022003 | 0.0007816903501597401 | 0.0018868784011346076 | 0.0008509702941797137 | 0.0014334114479929217 | 0.0017928782827214696 | 0.005229615428058618 | 0.0008126332170352571 |
| ORCL   | 0.0018475670311088905 | 0.0015944871955226763 | 0.0015406578017615642 | 0.0018909223213806148 | 0.002456175284100993 | 0.0020529452684747655 | 0.002153877853311059 | 0.0017356748838808977 | 0.0008126332170352571 | 0.003275572467006557 |


Correlation

,AAPL,MSFT,GOOGL,AMZN,NVDA,FB,ADBE,CSCO,INTC,ORCL
AAPL,1.0000000000000002,0.6093586021756892,0.43516160922649133,0.5614574740041031,0.5842015451062278,0.5680880795393966,0.6642503719614707,0.32328152446555297,0.21009351959405603,0.3805378205635235
MSFT,0.6093586021756892,1.0,0.635901778546412,0.7004057271314951,0.5528275640953716,0.48727122553235774,0.8008479527427586,0.3248391506476724,0.3117237117849024,0.5294476776352243
GOOGL,0.43516160922649133,0.635901778546412,1.0000000000000007,0.5298131073799603,0.41627409049541936,0.5621791573116466,0.5077554572981664,0.2841621094989672,0.17667385005420996,0.4206752349315646
AMZN,0.5614574740041031,0.7004057271314951,0.5298131073799603,1.0000000000000002,0.5083867769092473,0.6100149287317106,0.6778681237344869,0.34300556160092516,0.13503701535296547,0.41274615748816634
NVDA,0.5842015451062278,0.5528275640953716,0.41627409049541936,0.5083867769092473,1.0,0.42670294869667813,0.623281285415529,0.1130847636246341,0.20763421502992804,0.34151173747061114
FB,0.5680880795393966,0.48727122553235774,0.5621791573116466,0.6100149287317106,0.42670294869667813,1.0000000000000002,0.6146060437584335,0.34504066700817754,0.14122941474336548,0.43050619100077997
ADBE,0.6642503719614707,0.8008479527427586,0.5077554572981664,0.6778681237344869,0.623281285415529,0.6146060437584335,1.0,0.3567695827303365,0.2799893192448834,0.5315975091378919
CSCO,0.32328152446555297,0.3248391506476724,0.2841621094989672,0.34300556160092516,0.1130847636246341,0.34504066700817754,0.3567695827303365,0.9999999999999997,0.3556082114746716,0.4349913530101284
INTC,0.21009351959405603,0.3117237117849024,0.17667385005420996,0.13503701535296547,0.20763421502992804,0.14122941474336548,0.2799893192448834,0.3556082114746716,1.0000000000000002,0.19634330084717538
ORCL,0.3805378205635235,0.5294476776352243,0.4206752349315646,0.41274615748816634,0.34151173747061114,0.43050619100077997,0.5315975091378919,0.4349913530101284,0.19634330084717538,0.9999999999999998



